103
7 3 6
1 2 3
10 15 22
3 16 22
46 30 1
5 39 24
14 17 49
36 23 17
20 39 26
34 24 21
4 35 9
17 10 33
17 3 6
18 17 27
31 2 15
20 46 17
46 32 22
15 7 30
30 42 41
22 23 10
44 12 1
31 35 36
16 22 22
13 12 14
12 2 7
14 23 10
4 24 18
39 6 17
43 38 14
8 44 21
13 40 37
42 13 25
8 23 4
34 32 34
48 9 4
10 45 5
4 11 36
50 20 38
3 26 45
22 22 47
1 39 4
21 7 2
24 29 4
26 23 3
8 23 48
48 32 35
11 2 11
25 29 24
32 1 40
49 3 49
41 41 4
11 48 20
41 46 24
8 42 14
15 37 24
21 35 49
22 46 44
6 43 9
46 40 42
27 26 8
27 14 34
30 45 26
35 49 16
42 41 7
8 8 37
12 15 17
36 49 5
41 19 46
22 4 39
9 2 3
18 7 14
39 41 1
9 44 34
47 13 25
32 3 34
19 7 19
29 18 25
18 38 7
30 48 44
25 25 46
40 29 31
16 44 28
3 23 34
44 12 34
45 28 44
4 4 4
1 33 49
40 13 25
43 36 33
16 36 13
22 49 46
1 30 20
21 34 32
2 31 18
1 20 47
7 33 25
8 36 20
38 19 7
13 29 14
13 45 22
29 4 4
5 5 11
21 25 41
