609
5 50 4
1 2 25
2 3 25
3 4 25
4 5 25
3 10 4
1 2 3
2 1 3
1 2 6
2 1 6
7 50 8
1 2 40
1 3 30
1 4 40
2 3 40
3 7 20
4 5 10
5 6 10
5 7 100
2 50 2
1 2 100
1 2 100
2 100 2
1 2 100
1 2 50
5 100 4
1 2 25
2 3 25
3 4 25
4 5 25
7 150 8
1 2 40
1 3 30
1 4 40
2 3 40
3 7 20
4 5 10
5 6 10
5 7 100
7 100 8
1 2 40
1 3 30
1 4 40
2 3 40
3 7 20
4 5 10
5 6 10
5 7 100
3 306868 5
1 2 987523
3 2 438087
2 1 602621
2 1 672867
1 3 941293
3 103990 3
1 3 277078
3 1 996275
2 1 963076
7 964193 9
1 3 333515
2 6 643855
1 3 473346
7 3 326970
2 6 410508
6 1 19968
1 7 369766
3 1 12527
6 4 513533
2 641084 10
2 1 84317
1 2 327329
1 2 77604
2 1 369103
1 2 756806
1 2 904020
2 1 359176
1 2 469454
2 1 825153
2 1 35126
10 430916 3
6 10 511222
6 9 835914
7 4 449741
3 330261 6
1 2 992565
3 2 409035
1 2 494055
3 1 750862
1 3 368330
1 2 975082
2 893498 9
1 2 573184
1 2 706693
2 1 801137
2 1 836372
2 1 607409
2 1 351982
1 2 246655
2 1 34762
1 2 620331
5 475270 2
4 3 805196
3 1 806928
5 632381 6
2 5 229339
2 3 214354
2 3 144198
1 5 518176
2 5 424255
4 2 913992
8 315933 1
2 7 442860
10 80021 1
5 3 647954
10 184849 10
10 8 820242
5 10 880444
10 6 273125
6 10 603845
7 1 204191
9 1 241634
6 8 929447
2 8 69453
9 7 696110
7 10 515690
10 411142 5
2 1 883914
2 1 684167
6 2 582690
4 7 775645
7 10 676508
3 548275 7
1 3 105325
3 1 863564
1 2 737803
3 2 463021
1 2 9848
2 3 157486
3 2 120933
3 818906 2
2 3 18051
3 1 425086
8 418273 3
5 6 800180
1 5 611340
3 1 775501
8 205291 6
7 8 287760
1 6 513061
7 5 666618
4 1 176971
4 6 69511
8 1 963868
2 980339 9
1 2 433318
1 2 129899
1 2 188743
2 1 715932
2 1 869111
1 2 756040
1 2 80039
2 1 511944
2 1 245960
10 206298 1
7 2 929152
2 875181 4
1 2 880370
2 1 309672
2 1 635082
2 1 198756
8 246287 6
3 6 860341
5 1 454616
5 6 63196
2 1 686274
4 5 508276
8 2 80275
10 68052 1
4 8 753061
2 9974 5
2 1 845483
1 2 379785
1 2 136421
2 1 566785
2 1 914433
8 111851 7
1 3 932502
6 8 887916
8 6 113803
3 5 506279
8 1 249613
6 3 85709
8 4 60336
10 8353 6
7 9 707964
3 6 353443
3 2 419817
7 8 999232
3 10 710571
8 2 970623
8 899283 9
1 2 73198
3 5 489346
3 2 750671
4 2 331970
3 4 709236
5 2 59329
7 2 629424
1 2 967121
4 7 239645
2 799257 7
1 2 174990
1 2 552220
2 1 826883
1 2 619500
1 2 109952
2 1 998842
2 1 948844
7 449761 4
1 3 59295
2 4 321417
5 7 524126
6 3 805883
3 687897 8
3 1 718546
1 2 810227
2 1 732509
1 2 357108
2 1 362879
1 3 949597
1 2 669737
3 2 657543
7 846719 1
7 6 534114
6 14823 6
2 6 193329
4 2 780678
3 4 627633
6 1 151234
4 5 159684
3 5 256859
4 767594 7
4 3 32099
1 4 695041
4 3 241263
1 2 140311
2 4 181315
2 1 872171
1 2 712434
5 117231 1
3 4 609519
3 834483 1
1 2 67010
8 511525 10
1 8 72647
8 4 436226
6 4 292307
7 1 491813
7 3 686668
6 1 967424
7 5 461577
2 7 826892
3 7 879854
5 1 934549
8 698128 6
6 8 753345
4 1 676342
1 2 134484
1 5 609534
4 3 483685
1 4 77080
10 57304 6
7 10 298475
8 1 23057
6 5 338153
5 2 469814
1 7 336738
5 9 554405
3 213151 9
2 3 766167
1 2 518074
3 1 271137
1 2 537241
2 1 441390
3 1 677463
3 1 874118
1 2 772428
1 2 843064
6 181080 6
3 5 638370
2 1 27778
6 4 940951
1 5 708944
6 2 978495
5 2 917574
6 75706 10
3 4 272189
2 3 830736
3 4 16408
5 6 129408
5 2 788102
3 5 238796
4 3 75429
4 2 381939
4 6 816577
4 5 794864
4 98305 2
4 3 311221
1 4 124791
6 684335 2
3 5 876251
4 1 83487
10 302834 8
7 5 929730
3 5 54971
10 7 92011
4 8 628694
5 4 873140
5 4 551628
7 8 503639
9 4 365498
8 12103 1
2 6 897474
6 866232 6
1 3 285855
6 1 633074
5 1 310389
6 1 525720
1 4 423885
2 5 236882
8 234362 1
5 1 413109
3 644084 6
2 3 69146
2 3 645966
2 3 862685
1 3 317998
1 3 867245
3 1 257735
6 820400 2
2 3 775846
1 5 144193
5 939735 6
3 5 857745
5 1 18880
3 5 177367
1 2 87821
2 1 619105
5 2 108701
7 474736 9
3 1 862282
7 4 207742
5 3 211358
7 3 329118
1 2 512516
3 7 581117
4 6 191321
2 5 259068
6 2 789034
6 547919 3
6 4 55996
1 5 992536
1 3 942216
6 528494 3
2 1 28314
3 2 492881
4 3 698477
9 961582 9
9 3 708127
3 4 253477
9 1 109902
8 4 981112
3 7 825751
9 2 165703
5 4 798212
3 7 151977
7 5 677648
10 660753 10
7 2 667117
5 7 542185
1 8 949407
10 3 240196
2 6 476165
5 10 535562
4 2 366290
9 7 567147
9 6 890121
7 5 512926
2 627255 6
1 2 527486
1 2 311043
1 2 1365
1 2 383754
2 1 309077
2 1 833357
7 404106 9
4 5 764773
4 6 244795
1 5 87948
3 1 83682
1 7 213895
3 7 925428
6 5 738014
3 4 448462
7 6 154582
8 970981 10
6 1 59804
6 8 45347
6 7 28817
4 5 123153
1 2 11186
5 7 136195
4 6 662700
1 3 127148
5 6 267082
5 2 598710
2 571450 7
2 1 37115
2 1 137636
1 2 563222
2 1 482158
2 1 182832
2 1 755278
2 1 865047
5 658563 10
3 2 208376
5 4 647156
3 4 71018
5 2 875799
3 2 938543
5 3 509692
3 4 832897
5 4 5757
3 2 494825
4 2 912057
5 121435 1
1 4 132299
3 900317 5
1 3 70760
2 1 500971
2 1 493335
2 1 726742
2 3 118567
7 568091 6
6 2 994323
7 3 699704
4 1 770444
7 6 605292
5 1 536468
2 5 873058
10 324574 6
3 1 207255
8 5 859417
10 7 389045
5 6 502323
7 5 120448
3 9 870580
7 688712 9
4 3 685990
1 4 48341
6 7 18594
4 7 164461
1 2 307194
3 2 812359
3 1 412763
5 2 908508
7 6 944967
9 611304 2
5 8 581312
2 4 331361
5 49457 6
5 2 314768
1 5 849455
2 3 689600
3 2 441264
5 3 851808
2 1 324380
7 845251 8
3 4 273368
7 5 468619
2 1 391736
6 2 559879
7 4 161318
2 3 520388
4 2 242935
4 5 981456
10 988301 10
3 10 79606
5 9 938209
6 7 79445
7 10 568314
5 6 63224
3 8 645353
9 2 437819
2 9 306483
4 1 355376
8 6 954709
5 393208 1
1 3 138895
7 339767 6
6 1 448121
7 5 759518
4 1 218076
5 2 524333
3 6 34420
3 7 883049
8 949891 8
1 3 9468
1 3 323348
2 1 428152
2 7 388113
7 2 650910
8 6 448830
7 1 184581
6 4 907583
8 486298 5
8 4 168702
2 7 696205
4 6 866760
4 3 104741
6 1 440312
4 255551 2
4 1 637059
4 2 814586
4 308658 2
4 2 49133
2 1 71204
9 194754 4
6 3 261326
5 8 605788
4 1 264920
5 4 291085
3 822020 1
2 1 645184
8 313721 7
7 8 365614
1 7 503661
6 7 688988
2 1 505667
2 5 855928
8 4 173202
6 2 469445
6 693281 1
6 2 304760
4 419250 10
3 4 945871
4 1 724993
2 3 705362
1 4 169379
4 3 780978
4 1 662254
4 1 783214
4 3 578258
3 2 675810
1 2 431411
9 867429 9
6 1 561366
2 5 725764
3 5 437057
8 3 567732
7 2 883252
5 7 534347
7 5 112113
6 3 472340
2 4 577903
5 42430 8
2 5 126675
3 1 498614
2 3 285681
2 5 900987
2 3 413770
1 2 228515
3 1 694988
3 4 397495
4 839241 2
2 3 578026
4 3 26347
3 827736 4
3 2 452121
3 2 848485
1 2 145463
2 3 408469
2 728283 10
1 2 889666
1 2 449591
2 1 112407
2 1 565981
1 2 922501
1 2 64763
2 1 578485
2 1 185892
2 1 235740
1 2 702597
3 931724 7
1 2 493939
3 2 514081
3 1 254202
1 3 562451
2 3 219079
1 3 472684
3 2 518703
6 541227 9
3 2 355064
4 1 725537
6 4 5559
1 5 353611
3 6 322870
5 6 766390
3 2 482489
4 3 46932
1 5 311764
6 53557 3
6 2 964273
1 6 587457
4 5 472693
9 328841 7
1 5 1882
3 7 4170
2 1 731463
6 1 660437
9 7 486137
3 6 662221
9 2 520427
4 927972 5
3 2 314825
1 4 829590
1 3 118050
1 2 408944
2 1 175217
8 951505 1
3 5 357006
9 901746 8
7 3 814592
7 2 149618
6 8 302761
4 1 209550
8 4 344192
8 7 158772
1 7 341066
2 3 774209
4 710578 9
4 1 480926
2 1 400239
2 3 307704
2 4 337112
3 2 73971
3 2 690082
3 2 135801
1 4 225369
2 4 423312
8 15139 5
2 3 3185
5 4 410006
8 2 548802
4 1 921037
2 3 865112
8 221551 4
8 5 935774
8 1 147381
2 3 467899
8 7 755024
7 635798 4
4 3 809814
3 1 374308
5 6 968348
2 3 811238
8 430061 9
2 6 853934
7 6 734957
6 2 542368
8 3 519306
6 3 138909
5 2 932175
3 7 38946
5 8 309596
4 1 511689
7 587864 6
2 5 949032
6 1 645601
3 1 102429
5 6 329154
2 6 901868
7 6 572436
5 605406 8
4 3 716993
1 3 750460
2 3 294055
3 5 726676
1 5 225945
2 3 151452
5 3 809133
1 5 514642
4 634148 3
3 4 440901
4 1 38290
2 1 329405
3 350934 5
3 1 989109
3 2 573763
3 2 937839
3 1 897942
1 3 552109
3 968781 8
3 2 820683
3 1 269332
1 2 4866
3 2 239450
3 1 999935
1 2 625294
1 3 321407
1 3 906628
3 778310 8
2 1 187938
3 1 172196
2 3 22203
2 1 310240
3 2 345210
2 3 816499
3 1 150242
2 3 559472
4 345279 4
4 2 493465
1 2 225596
3 1 6655
3 4 594992
6 876976 3
3 4 414115
2 6 449429
6 3 133379
2 572589 6
2 1 836315
1 2 9372
1 2 614666
1 2 569311
2 1 595483
2 1 233244
10 685743 8
5 3 258006
2 5 953055
3 6 109974
4 3 624033
4 8 727572
7 4 499555
10 1 234332
5 7 272078
4 640807 7
1 3 598413
4 1 260531
3 2 658389
1 3 840593
4 2 516317
4 2 980720
4 2 453162
3 739367 4
2 3 236725
2 3 666497
2 1 74128
1 2 224169
9 261553 4
7 8 631214
1 5 904750
7 6 336513
2 7 881711
5 809920 6
3 2 195847
2 5 347418
5 1 100688
5 1 958224
3 5 589457
4 3 232652
5 596801 7
1 2 89552
1 3 518043
5 2 540010
2 4 639375
1 2 906519
2 3 402504
4 3 787416
7 614921 8
1 4 325858
4 3 560603
6 1 283491
6 5 739383
5 7 483495
5 2 230821
7 1 210627
6 5 321356
7 968613 4
4 3 484987
1 4 167761
4 6 432338
3 2 209922
10 229166 6
9 10 137493
1 2 959540
2 1 426484
3 9 948815
9 7 974303
5 7 1038
6 700208 4
2 5 827002
4 5 592575
3 1 419808
5 4 212369
10 961134 9
9 8 52536
6 3 826050
4 3 704738
2 5 133430
4 5 284197
7 4 150962
5 6 164979
5 6 413375
5 9 59655
7 410683 5
6 3 885043
2 4 545582
6 2 936093
1 6 750062
2 6 680715
8 506628 2
7 1 269932
8 4 814406
5 823269 4
2 1 64617
2 4 942814
1 4 547050
5 4 932592
6 345103 6
1 6 910400
2 5 153585
1 5 916139
4 3 700818
6 3 113525
2 1 785060
5 271086 10
4 3 960342
1 5 402024
4 2 509350
3 1 510331
1 5 256501
2 5 131957
1 2 636145
2 3 751801
4 5 678075
3 4 352186
7 942362 3
6 1 390738
2 3 151457
5 2 498870
9 913268 2
7 5 771018
7 3 940517
3 35913 9
1 3 941077
3 2 207261
2 3 687911
3 1 832868
2 1 663166
3 1 513621
1 3 503690
1 3 577812
2 1 701100
8 535679 7
1 4 856203
7 8 95599
4 8 373530
2 6 570710
3 4 146283
8 3 23620
7 2 524586
10 196851 3
3 4 428727
10 3 984371
5 10 895824
2 17791 6
1 2 652709
2 1 931120
1 2 529932
1 2 570362
2 1 225394
1 2 881872
3 840989 10
1 2 915316
2 1 620540
2 3 289506
2 3 769652
2 1 287337
3 1 525283
2 3 9452
3 1 727320
3 2 396807
2 3 923171
6 815482 9
2 6 688579
3 5 403442
4 1 348461
2 5 478839
6 1 343490
5 1 150203
1 6 631832
5 3 544189
5 3 982026
3 82865 6
1 2 681498
3 2 922338
2 3 333005
1 3 82651
2 1 322607
3 2 127776
9 531878 4
2 3 944035
2 7 14489
5 8 765432
1 7 176982
3 410706 5
3 2 448937
1 2 944172
2 3 577047
2 3 625631
1 2 975211
2 830710 10
1 2 84950
1 2 559519
2 1 832060
1 2 391418
1 2 427469
2 1 964517
2 1 459174
2 1 688153
2 1 807069
2 1 433077
8 784895 5
5 2 507434
5 8 366001
8 1 492065
3 6 774769
2 6 364885
3 508641 10
3 1 276074
3 1 495215
3 1 924090
3 2 312896
2 1 83941
3 1 665628
3 2 240022
1 3 250433
2 1 512377
1 2 329962
2 481816 7
1 2 568573
2 1 105167
2 1 856482
2 1 729130
2 1 333437
1 2 380870
2 1 584864
7 271043 2
5 3 60038
4 2 527897
5 48070 1
1 4 720574
10 598189 4
8 9 228709
5 7 417608
5 3 799873
1 6 167025
6 747724 4
1 5 69222
5 4 608270
2 6 704924
3 2 374340
5 872221 7
1 5 699228
2 5 653752
4 1 672040
4 5 173240
1 2 151908
2 4 530899
3 5 924265
7 821635 5
6 5 567291
6 5 248126
3 1 49648
3 2 483417
1 2 730884
5 878043 6
1 2 422949
4 1 590223
3 4 894118
5 1 649107
2 4 168995
1 3 650624
8 9079 5
6 5 134259
5 7 10256
4 5 679820
5 2 417876
5 3 768730
4 874425 7
1 3 805843
1 4 128176
3 4 863138
1 4 44623
2 4 235033
1 3 608019
3 1 349425
6 203826 7
6 5 580855
6 4 106569
2 3 864873
1 4 227347
3 4 887581
3 1 474109
2 4 449169
8 298874 3
3 7 662019
7 2 261582
2 1 826994
3 681360 4
1 2 803329
1 2 974862
2 1 758852
1 2 392558
7 92709 8
4 1 666411
5 1 164483
6 4 30070
5 4 578672
3 2 68743
2 3 416001
6 4 94746
1 3 999618
2 565372 9
2 1 540662
2 1 761937
1 2 514951
1 2 693070
1 2 228253
1 2 52955
1 2 766629
1 2 456301
2 1 174686
9 813675 4
1 6 737984
2 6 576056
9 1 309850
6 3 793134
10 59445 7
4 3 284106
2 5 988450
3 7 177141
7 5 418151
4 9 751299
1 8 191419
3 10 363223
6 682286 6
6 2 711126
2 5 593883
4 3 487930
2 6 685631
5 6 612777
6 5 664055
9 940153 3
6 9 677171
2 9 789752
7 6 603504
2 189565 1
1 2 683675
4 495676 5
3 1 267557
2 4 226862
3 2 551769
3 4 870391
2 4 422470
5 913942 4
4 2 844832
5 4 685922
4 5 921125
4 5 512365
10 78019 2
1 5 743981
10 5 345597
3 647480 2
2 1 375057
2 1 867417
10 344175 2
7 3 675526
1 6 729729
6 697539 1
3 4 324409
10 450278 9
6 7 758530
5 4 682982
4 3 354372
1 5 186501
10 5 267103
9 5 138730
8 3 222692
2 10 238339
2 9 645483
8 345129 4
3 5 980276
2 7 694371
2 7 150824
1 7 87022
8 582438 7
8 3 957673
1 7 915455
5 4 72601
3 8 638783
5 8 154448
5 1 158428
2 6 111104
7 806816 8
6 5 977930
7 4 6440
2 3 412885
4 3 672326
6 1 470847
1 6 33182
4 2 655498
3 6 404373
3 230947 8
3 1 956409
3 2 101341
2 1 854947
1 3 902548
2 3 524095
2 1 933173
3 2 541868
2 1 113327
6 672121 10
6 4 217600
6 3 877826
6 3 369900
1 4 185742
1 3 643459
5 2 403459
1 4 864413
6 2 928678
3 4 40363
1 5 988339
7 72613 8
3 2 930192
2 6 806663
1 5 751451
5 3 471845
7 1 226611
6 3 94794
7 1 650031
5 2 54690
3 702467 9
1 3 196582
3 2 59904
2 3 784180
1 2 364608
3 1 919809
2 3 771276
3 2 524422
2 3 423490
2 3 514299
6 851112 5
1 6 12852
6 3 28225
6 2 523122
6 3 141145
6 4 151375
8 590685 5
6 3 837390
3 6 910348
8 6 770646
4 1 832542
8 3 959738
9 963857 10
4 1 697105
7 2 732051
9 6 50903
6 4 245592
3 2 962495
4 3 555076
6 1 506009
4 8 964797
4 1 614662
8 1 821596
3 677677 6
1 3 598217
3 2 430671
1 3 929229
2 3 499579
3 2 813955
1 2 421489
4 88352 2
4 3 498916
2 4 865446
2 165020 2
1 2 969800
1 2 153469
6 374631 7
2 1 126693
1 3 741236
2 5 211263
1 5 780598
6 5 726437
6 2 647776
5 6 832703
9 847791 10
3 5 508762
9 3 311333
5 9 261318
5 4 448141
4 9 419556
7 8 245928
1 5 409535
5 9 137209
5 2 683729
9 3 62749
9 457028 6
5 2 606237
6 4 853477
8 4 208916
2 3 381979
7 2 508038
1 6 592908
5 761010 10
1 4 984022
3 5 169156
5 4 947393
3 5 57803
1 5 516378
2 3 695005
4 2 623083
2 3 965940
4 3 752280
4 1 372037
6 327092 8
6 2 315427
3 6 240878
6 2 138491
5 1 241388
2 5 676090
6 2 176223
2 4 898118
6 4 32323
2 357024 8
1 2 2329
2 1 661554
1 2 735604
2 1 947388
2 1 750827
2 1 676530
1 2 930192
1 2 18913
7 878386 1
7 1 347549
5 898974 5
5 4 902060
2 3 277959
1 5 453582
4 3 422933
4 3 484572
4 961537 3
3 2 761933
1 4 838047
2 3 847478
6 845029 1
5 3 906578
8 74683 9
7 5 22000
6 2 161017
3 4 79096
7 1 717766
3 8 465876
6 5 168810
2 7 266423
2 3 617051
5 6 212687
6 440434 2
2 3 993226
2 4 427889
3 6337 3
1 3 80148
1 2 777225
1 3 785708
9 967880 8
5 8 730407
1 4 826240
5 2 917006
6 9 857154
4 5 147569
2 3 1711
2 7 529549
8 7 754123
9 913269 5
3 6 724459
8 1 487436
6 2 455853
8 4 717113
2 1 551703
10 648003 6
6 3 698652
4 5 832372
1 6 131487
6 7 903826
3 8 939674
3 8 867384
7 349329 4
2 5 18713
1 3 850884
7 1 335821
5 4 420371
7 306696 6
4 5 462449
4 3 749858
1 3 772886
7 3 431031
1 6 406258
7 6 425782
4 184974 3
3 1 575236
1 4 770262
1 2 327151
4 291381 4
4 1 189146
4 1 140370
2 4 172556
1 2 671881
3 925977 10
1 3 337638
1 3 861978
2 3 417361
3 2 121794
2 3 866727
1 2 706741
2 3 894398
2 3 981691
3 1 500904
2 3 67468
3 948690 5
3 1 140234
1 3 271147
2 3 248150
3 2 941361
2 1 484062
5 653429 5
5 3 424227
1 3 359205
4 5 654452
1 3 873126
5 2 659679
9 955710 3
8 6 920125
9 4 334501
3 9 219989
10 695076 6
7 10 110602
9 4 346164
9 6 111809
1 4 205038
4 8 792751
2 8 11034
10 766353 6
5 1 420089
9 4 364429
3 10 154213
7 9 491783
2 3 848574
1 3 180613
8 71282 5
8 5 381689
3 7 895518
1 3 796724
4 6 578327
8 7 935616
2 351834 2
1 2 607008
2 1 910370
8 334131 1
7 4 534698
4 356910 9
2 4 791653
3 2 985277
4 3 315559
4 3 252426
3 1 743320
2 3 88580
3 1 290087
1 3 639924
4 1 415213
4 71455 5
2 4 419048
2 4 67659
3 2 218479
1 4 752731
3 4 270125
7 200823 1
6 7 545721
2 702366 10
2 1 636648
2 1 618454
2 1 129879
1 2 586568
2 1 714519
2 1 81102
2 1 413684
1 2 935908
1 2 518498
2 1 738597
5 72061 6
4 2 713603
2 1 510667
1 4 569788
4 3 658673
1 2 667783
5 2 376214
9 828532 9
3 2 346742
7 3 182830
4 7 241739
5 3 398830
6 3 885575
2 7 78855
9 3 234428
6 1 227637
4 5 770238
3 802630 4
3 2 451276
3 1 175067
1 2 751070
1 2 267380
7 254598 9
4 6 240467
5 3 737249
3 4 609509
7 3 918508
4 6 347131
3 2 134628
3 7 193957
5 3 880714
6 5 249268
9 102282 1
9 3 826841
8 588562 4
3 2 187758
8 5 511951
7 2 902011
8 4 701118
3 28655 1
3 2 768097
2 412396 9
1 2 366424
2 1 466072
1 2 497111
2 1 78577
2 1 607702
1 2 81358
1 2 87393
1 2 129044
2 1 723407
8 713088 9
1 2 332715
6 1 245517
7 1 513052
3 6 134019
4 8 540423
3 6 848926
2 7 718301
5 3 14875
7 8 196789
6 294017 5
6 4 289061
5 6 382158
4 1 905912
4 2 957949
3 4 702818
9 650861 10
9 8 31403
2 1 826035
8 3 387469
5 6 370158
1 4 887106
6 4 311759
2 4 76425
3 2 766872
6 2 680933
2 3 983021
10 506227 8
1 4 527054
6 5 338074
2 1 864405
8 5 732268
5 8 410592
9 5 987851
7 10 466160
8 4 912597
3 158479 8
1 2 185628
2 3 378592
1 3 627381
2 3 398526
3 2 291990
3 2 968175
2 1 431738
1 3 255062
10 129811 4
9 2 702064
8 5 128058
3 8 30878
6 4 495030
9 471255 6
9 8 593973
4 9 884594
9 4 624551
7 4 162941
8 1 287248
1 2 796698
5 667979 6
1 5 687646
4 2 978879
1 3 607701
5 3 801541
4 1 404456
2 3 629468
5 314809 7
5 2 692985
2 4 701112
1 5 215918
5 3 105724
1 5 367689
3 1 583585
5 1 506262
4 246727 1
3 4 224743
7 853947 1
7 6 712794
2 200730 9
1 2 571383
1 2 185943
1 2 21372
2 1 556574
1 2 413231
1 2 599417
1 2 91555
2 1 955117
2 1 395143
9 514858 7
4 7 303001
2 8 703650
8 6 976058
3 2 204029
2 3 891396
1 5 623711
7 8 822535
8 877030 10
4 6 178762
2 7 53807
7 3 162051
4 5 469346
3 6 731718
5 8 413878
2 7 245592
8 4 826253
1 2 879675
5 7 224306
2 45005 8
1 2 557188
1 2 984274
1 2 842025
2 1 726982
2 1 512015
2 1 938608
2 1 411589
1 2 189240
8 874714 7
3 4 962392
4 2 989775
8 2 600704
6 1 677549
3 7 201438
1 8 339230
3 1 334435
9 242404 6
9 5 120690
1 4 308272
9 3 400676
8 6 734809
9 6 783068
9 3 564224
8 889694 9
6 7 126264
4 8 961698
6 7 961348
5 2 929445
5 7 816296
7 8 698641
8 1 464137
7 4 755152
5 1 99999
5 924476 2
5 4 408424
5 4 895671
7 787945 3
3 7 768350
3 2 486709
6 1 627773
2 645293 1
2 1 561350
5 543875 6
5 3 59647
2 4 907621
2 5 874130
5 3 715064
4 3 158990
3 1 175721
10 159769 8
10 2 946395
8 5 71587
10 5 870723
4 6 404180
9 10 417399
3 5 272618
4 3 55427
9 8 46485
2 76728 10
1 2 154205
1 2 418760
2 1 855782
2 1 186264
2 1 768627
2 1 722838
2 1 698561
1 2 387695
2 1 702193
2 1 922604
4 561428 9
4 3 954803
1 4 189271
3 2 347991
1 3 606026
1 2 163484
4 1 715015
2 1 634278
4 3 782617
2 3 495514
2 437056 5
2 1 778838
1 2 587480
1 2 996832
2 1 707523
2 1 258658
4 489184 2
1 4 539130
4 2 942795
2 331153 3
2 1 809361
1 2 407550
2 1 710653
2 740439 2
1 2 909276
1 2 810997
9 100331 10
8 6 491727
1 7 494865
2 6 61859
8 2 547221
4 6 15730
4 2 885761
6 9 522069
4 8 5620
1 8 304281
6 2 900531
10 559215 8
2 5 746217
6 1 956483
9 1 536435
5 1 641309
7 10 489590
8 5 622577
6 3 413415
3 7 982594
10 575291 8
1 6 965689
5 8 351080
3 6 659521
7 10 5276
7 6 677070
10 7 403886
2 9 428384
4 3 41692
8 10320 4
7 3 679633
7 2 44871
2 1 49550
2 4 770877
2 79095 10
1 2 475996
1 2 304994
1 2 525437
1 2 126253
2 1 630205
1 2 731464
1 2 174375
2 1 714864
1 2 612678
2 1 922386
2 677282 1
2 1 373822
6 81012 2
2 4 857871
1 4 616647
4 830713 3
1 2 616784
2 3 555016
3 4 451022
5 872743 6
3 1 733920
5 1 697765
3 2 690653
3 4 584177
5 4 47487
4 1 727242
8 178416 5
8 2 448115
5 2 419895
7 4 776317
2 1 558633
5 8 843920
2 234442 9
1 2 243343
1 2 315333
1 2 813394
1 2 604457
2 1 625939
1 2 949744
2 1 93965
1 2 973654
2 1 59675
7 1843 7
2 1 956677
5 7 176610
7 1 372419
1 7 94054
6 1 624766
1 4 845304
5 6 71387
9 128908 4
1 3 886912
6 9 533460
7 2 951403
6 2 174607
9 24013 4
6 5 674747
3 7 601014
2 5 57012
7 4 260323
10 287847 6
4 6 192944
9 2 925891
3 8 223403
8 2 802307
3 10 363891
1 7 216910
2 189323 10
2 1 12428
1 2 929630
2 1 571706
2 1 243540
2 1 528353
2 1 388504
2 1 842543
1 2 249384
1 2 647314
2 1 976454
4 187328 5
4 1 963828
1 2 50868
1 4 737668
2 4 371966
2 3 730295
6 209808 5
5 1 17237
6 2 242278
6 1 419756
1 5 482509
6 1 586067
8 664356 5
7 1 670309
1 6 555048
4 8 476784
7 6 848309
7 1 703265
5 811822 5
1 2 173100
2 5 544326
2 5 927492
3 1 31622
4 1 501398
3 873297 5
2 3 481773
2 3 98527
2 1 317170
1 3 3397
1 3 907767
10 381540 4
4 10 980149
1 6 264830
2 1 830954
6 8 203265
7 708531 8
6 7 183309
4 2 996760
2 6 18755
2 1 455897
3 4 88185
6 1 505815
7 3 373013
6 4 53215
10 839087 5
4 7 842937
6 3 264496
2 3 376780
7 8 607626
6 1 624001
9 424276 9
3 2 472193
4 1 693714
2 9 25974
2 3 723358
8 4 951408
1 2 857314
1 3 612971
1 2 542701
9 4 751814
5 20342 3
5 3 318949
3 4 487605
5 4 241677
7 300190 1
4 7 844367
6 69447 1
2 3 332319
9 461706 6
1 9 750487
9 4 959852
9 2 430224
1 9 70852
7 8 416948
7 1 396972
3 17115 4
1 3 130659
3 2 934398
2 3 593879
2 3 537713
7 600125 8
7 5 799174
3 6 683090
2 6 713404
5 2 833666
6 1 779786
1 2 510807
1 3 786229
6 7 820318
4 105223 8
3 2 581123
3 1 540918
1 3 921486
3 1 350167
4 2 519440
1 2 445047
2 4 847793
1 3 516203
5 278864 9
5 3 979149
4 2 816632
4 1 381868
4 1 383785
4 5 674457
4 2 405089
4 5 371001
3 4 763997
1 4 536848
7 214996 4
6 3 395407
6 7 557504
4 3 696391
4 5 354073
5 572169 2
5 3 908328
4 5 412974
3 652145 9
2 1 589185
1 2 341971
3 1 234199
2 3 934164
2 1 55261
1 3 419911
1 2 695163
1 2 40920
3 1 4957
5 87597 2
2 3 976905
1 5 265556
5 374602 1
3 5 725676
5 659065 2
3 5 291536
3 2 142218
8 876852 7
5 3 357615
4 3 150988
2 7 266773
8 4 651651
1 2 639350
5 8 482567
2 6 896608
9 995391 9
3 1 670852
8 4 166060
9 8 191222
4 8 627017
8 3 727135
2 6 160688
4 9 449376
2 5 653501
5 6 696306
2 276358 7
2 1 30492
1 2 320250
2 1 756531
2 1 563559
2 1 332092
1 2 745300
2 1 723320
2 328519 6
2 1 895192
1 2 550392
1 2 358444
1 2 512978
1 2 342794
1 2 22506
8 831458 1
1 8 48855
10 524677 3
2 8 164935
2 9 363360
10 7 177373
9 918351 9
9 5 636660
8 1 219247
9 1 988845
7 5 811817
3 4 406804
8 9 188192
4 7 726728
7 6 27746
1 8 125351
3 122847 8
1 3 880206
2 1 299423
2 1 119260
2 1 602557
2 3 335228
1 2 222532
2 3 793577
2 3 656765
7 396281 4
6 3 732178
6 3 498824
6 4 486021
5 3 278830
2 539175 7
2 1 309898
2 1 178362
2 1 263264
2 1 451031
2 1 912265
1 2 670915
2 1 677462
7 118709 7
7 2 543967
4 6 495582
6 4 445857
6 4 391924
4 1 832272
3 2 747773
1 2 33443
8 800443 2
3 7 375878
4 6 951054
9 936941 7
2 7 535697
2 9 468560
1 2 285903
3 6 630925
8 9 303107
4 1 118783
7 9 261145
4 270135 5
3 2 479525
2 1 321948
2 1 392839
1 2 92078
3 1 616300
10 934137 7
9 8 352209
8 9 517037
8 4 168677
10 6 624549
6 10 957673
3 6 761620
6 2 874919
4 227426 6
1 4 588583
4 1 57244
3 1 202817
4 2 245458
3 1 699383
3 2 197398
8 505949 10
5 6 681054
5 1 218720
7 3 832678
4 5 931096
1 8 907321
2 3 824653
6 1 977883
5 1 219746
5 1 62388
6 3 178126
4 117939 6
4 3 324556
4 3 563692
4 1 503320
2 3 589647
1 3 375144
1 4 789
9 125259 9
7 8 301719
8 1 632739
5 9 698552
9 7 502298
1 5 245221
8 7 175118
5 1 517153
4 8 997224
8 4 723515
4 640724 8
4 3 632372
4 2 87668
4 1 235298
2 3 501731
1 4 32022
4 2 452287
2 1 690152
4 1 411731
3 606987 5
2 3 956793
3 1 512246
2 1 289518
3 2 726779
1 3 673836
4 246987 4
4 2 69359
3 2 791076
2 3 668509
3 1 489276
4 921791 2
4 1 502233
1 3 195540
6 620703 2
6 4 303979
6 5 65564
9 475713 1
2 7 903316
9 985692 4
2 7 605779
5 3 717470
6 4 768291
6 2 28574
9 469655 5
1 7 141590
6 4 858675
5 6 363394
6 8 462351
6 1 859471
8 309815 3
3 2 65353
3 6 739114
4 6 174478
5 590547 3
1 2 785020
4 3 696858
5 2 133795
7 732770 9
3 7 345097
4 1 788325
7 2 292644
3 1 566293
2 1 226156
7 5 445247
1 6 69585
5 1 844035
5 3 101001
6 163006 3
6 5 559787
1 4 551752
2 3 943018
9 68824 3
2 7 679009
6 3 879937
1 2 735754
5 111171 9
5 4 437712
1 5 43358
2 1 830818
5 2 501336
1 2 605041
5 3 338021
4 3 548768
2 3 491385
4 5 611524
7 496322 2
6 3 615523
2 4 385368
5 952535 10
3 4 986039
3 5 894171
2 1 349894
4 3 543033
2 4 957350
5 2 7821
4 2 124529
2 1 535362
3 2 669099
2 1 513187
9 938630 8
7 4 191341
6 2 283923
2 5 484278
1 9 228078
4 7 35169
8 7 274672
8 4 432152
4 5 843242
8 690159 4
2 4 788257
7 2 648624
7 5 863071
3 6 523230
9 708040 7
1 2 705800
4 5 512018
4 2 729413
5 2 40480
9 8 914858
6 1 723485
1 9 657071
9 246641 2
6 7 24365
8 7 38726
10 612287 4
1 5 346502
7 8 763627
1 8 55202
1 6 410705
5 766395 3
3 1 903990
5 4 239821
2 1 859620
8 420615 5
6 4 234084
2 8 756057
8 1 656671
3 4 695726
4 7 125479
3 619218 2
1 2 710545
2 1 317555
8 523546 2
3 2 772182
2 6 965576
8 667465 7
3 5 949398
2 4 900155
7 2 176316
4 1 656546
3 6 931513
3 4 441560
6 2 931218
9 475461 8
3 6 446834
8 6 243984
1 2 815470
8 9 936157
4 1 80013
6 1 419094
7 9 568892
4 8 311379
9 480972 4
3 2 198228
2 6 810901
2 9 722576
8 2 878255
10 91487 2
10 4 473604
1 6 125960
9 76418 7
9 8 602467
2 6 925538
7 5 604886
2 4 565334
9 3 84984
4 3 319621
3 5 408101
8 616485 10
7 1 188381
2 5 899643
4 8 575419
4 6 172159
2 1 918880
1 3 260185
7 8 125718
1 2 845632
7 5 71567
1 8 320372
5 79267 9
3 1 582448
1 3 889083
3 4 463260
3 5 256107
1 2 708077
2 1 299316
2 5 701287
5 4 823159
4 3 691385
3 923196 5
3 1 392810
2 3 194707
2 3 85365
3 1 357478
3 2 116007
10 595014 4
7 5 106226
8 7 55467
6 7 301939
5 4 738379
5 655594 8
4 1 910402
4 2 538806
3 4 690332
2 1 603719
2 3 261434
3 2 47697
2 4 640481
2 1 723213
2 604362 8
2 1 157123
1 2 534603
1 2 20468
2 1 824382
1 2 388250
1 2 789479
1 2 350446
1 2 848134
5 119637 2
1 3 298453
5 1 640836
7 187359 4
3 6 532891
1 2 526845
5 4 870181
5 2 7973
10 362982 4
10 7 557001
10 9 407900
4 1 130390
3 5 380302
10 788587 1
6 8 546488
3 394073 2
2 3 715561
2 3 268139
4 241118 3
4 1 873630
2 1 845859
1 2 90559
6 83147 3
1 3 830198
3 5 103835
4 5 591149
6 872503 3
1 5 436372
6 4 39594
4 5 871276
8 375310 3
8 1 900293
8 6 775506
7 6 168978
5 953884 8
4 1 909342
5 3 411516
2 3 97645
3 1 181002
5 2 974744
1 3 426022
2 1 330605
3 5 334937
8 658362 4
1 2 935510
3 8 203311
7 5 729330
8 7 185884
2 711294 2
1 2 72988
2 1 83531
8 398815 4
7 4 463225
1 3 613711
6 7 570
2 1 71265
7 722090 10
5 1 830490
7 3 755748
5 7 932741
5 3 263379
2 1 211355
3 6 827185
5 6 147552
6 4 871631
3 2 78164
5 4 5632
5 26403 5
3 4 463473
1 4 678418
2 3 590962
2 1 313211
3 1 183234
5 828434 3
3 5 774798
4 2 181645
4 2 641014
4 142770 1
1 2 394271
9 976618 9
8 7 211759
6 5 150264
7 6 860569
5 1 736410
7 3 803771
7 8 641517
4 8 109405
8 9 265970
6 3 464032
6 319058 10
2 6 771295
6 3 361097
5 3 751259
5 4 561167
2 4 768166
3 6 335937
1 5 361447
3 2 153371
3 5 447085
2 5 746830
6 373947 7
4 5 157537
3 6 752926
1 5 549413
4 3 803948
3 2 902602
1 4 579424
4 6 691621
4 507184 7
3 1 864551
2 3 598826
2 3 860859
1 3 409459
1 3 695178
2 1 79283
4 2 246034
5 308856 4
3 4 769156
3 1 1914
5 3 100645
5 4 391255
9 789052 1
9 4 722590
10 802021 5
10 5 564864
10 5 609467
10 6 427234
8 5 489094
2 8 714492
7 642130 2
1 7 286187
2 7 860808
9 832395 9
1 3 15989
1 7 568688
3 4 240319
9 6 382360
4 3 98122
3 8 292472
7 5 278261
2 7 2607
8 2 374520
8 700247 10
6 3 621080
2 7 791839
2 6 876690
5 8 297254
8 1 810824
3 1 697406
5 6 367804
8 3 689659
1 2 703094
6 1 403407
7 927983 6
3 2 399392
3 2 360745
6 4 457104
3 4 544744
5 2 103661
1 7 504161
7 365065 4
5 7 285469
2 3 442027
1 3 404950
3 6 494513
7 503128 10
3 7 386618
5 1 277443
1 7 787212
1 4 951809
4 5 843982
6 7 831668
3 7 258901
4 1 217591
5 7 302576
6 7 264320
3 131197 5
3 2 322949
2 1 740452
3 1 817495
2 1 152848
3 2 311151
8 799905 7
1 3 54709
7 6 350516
2 1 590628
5 8 204388
6 5 63411
5 7 638352
5 3 948939
10 312337 3
5 1 778433
8 6 324163
8 4 467477
5 260202 3
2 4 877510
1 2 386130
1 3 175611
8 536299 10
5 8 548887
5 3 146510
7 8 734308
6 7 690673
2 5 267060
7 6 776770
4 1 548930
6 5 843882
7 2 674311
3 8 77124
4 963773 7
4 2 872792
3 1 134202
2 4 448883
2 3 995921
3 2 996772
4 1 898167
1 2 89111
7 649537 4
3 5 208791
7 2 745166
6 7 739158
3 5 226528
3 166402 5
1 2 345728
1 3 830786
1 3 335565
3 1 95974
3 2 357399
3 176714 5
2 1 527296
2 1 108181
2 1 539949
2 3 833680
1 3 480024
2 885606 8
1 2 991620
2 1 84901
2 1 419993
2 1 992067
1 2 265037
2 1 322475
1 2 855481
1 2 398040
3 523382 1
1 3 436944
8 816741 6
8 2 86581
7 2 257617
4 2 259595
2 4 215430
3 1 997056
3 1 962241
3 729934 6
1 2 494537
1 2 693859
1 2 782794
3 2 862572
3 2 535739
3 2 337805
6 613389 10
5 4 304055
5 2 765441
4 1 949238
6 5 110114
1 6 373105
6 4 468299
1 4 437526
5 6 891551
2 1 557088
4 2 270979
4 875992 5
2 4 178258
1 2 257354
2 4 41374
4 3 79626
1 4 197178
8 899054 6
8 4 646132
1 7 922051
8 3 901783
5 8 235638
2 3 883145
4 1 445845
8 576085 7
3 6 700519
7 3 287669
8 3 775370
1 2 976961
4 2 345822
5 7 36068
3 8 400109
3 705409 5
3 2 797754
2 1 909041
3 1 746991
1 2 716152
1 2 893152
10 730707 9
10 8 980068
1 6 391972
5 8 588810
9 1 582115
7 10 120445
4 1 211937
3 1 617162
10 1 727866
7 5 463212
8 80609 4
6 4 9890
3 1 115238
6 3 612885
1 4 837296
5 762337 9
3 5 32163
5 4 260387
2 1 265590
4 1 464257
3 1 32092
5 4 34494
1 5 318408
2 1 393073
2 3 105896
2 808573 5
1 2 318161
1 2 776246
1 2 853735
2 1 33447
2 1 515370
8 737622 1
2 6 271597
6 737806 4
2 3 977344
4 3 420845
1 5 495826
1 2 784934
7 137754 10
6 5 192098
4 1 796735
2 3 653490
1 3 515998
3 4 910032
7 2 654065
1 5 700749
7 1 362383
6 7 574201
3 4 324130
7 183706 7
1 4 239679
2 1 211227
1 5 863502
5 3 50433
4 7 709777
1 2 145597
1 4 406068
8 765986 10
7 5 76253
5 2 806061
3 7 393845
5 4 61528
6 3 34817
2 3 630293
1 7 850696
4 8 831108
8 4 156362
8 6 802313
9 673891 10
8 2 513751
6 5 751444
2 3 547392
3 6 687229
9 3 847732
5 1 52121
3 4 168271
1 5 713497
5 6 91738
9 5 700143
10 431814 6
4 3 692224
5 8 291586
8 4 125429
8 5 599201
8 3 425812
10 2 354238
5 191746 8
1 2 17356
3 1 612975
4 3 156840
2 3 147303
1 4 627105
4 3 386595
5 3 786672
5 3 895870
8 487281 7
6 1 966204
4 1 966676
7 2 131673
4 3 320120
2 4 752115
1 4 40242
7 1 155396
8 764589 8
4 2 814905
3 6 239979
6 1 998474
8 2 345563
5 8 251263
8 4 925377
8 3 179100
5 7 37438
10 713206 5
1 7 611364
6 10 970821
6 5 389416
1 8 420738
8 3 424221
5 694501 8
3 4 503677
1 2 235346
4 5 48505
5 1 456152
2 4 944599
2 4 234515
1 4 493860
2 1 621059
2 974088 3
2 1 39798
1 2 698242
1 2 280811
2 348527 5
2 1 416651
1 2 422495
1 2 149548
2 1 316858
1 2 778746
9 547570 9
6 3 718077
7 5 769622
5 9 935020
3 7 866551
8 7 881857
3 7 774017
2 5 212029
7 5 413864
2 5 459096
6 361464 5
5 6 902098
2 3 15308
2 6 369157
4 2 629284
1 4 341747
10 683936 8
9 3 373036
7 1 93771
10 6 225709
6 7 892999
8 9 22710
3 10 310692
1 9 905034
6 3 822182
10 16710 7
7 8 298884
9 3 806268
3 8 829719
6 5 843992
7 10 146269
9 4 129764
5 1 41955
2 597970 3
2 1 866947
2 1 926649
2 1 371510
9 323849 5
1 2 966700
9 7 123135
3 2 365252
2 6 647218
2 3 84021
5 625854 1
1 4 680193
2 374107 4
2 1 275137
2 1 524029
2 1 776777
2 1 675611
7 264205 8
5 3 360971
3 1 230496
6 4 752334
1 7 668307
7 6 903779
1 5 779464
7 3 833290
7 5 488103
6 151164 10
4 6 55267
5 1 166395
6 5 463311
6 1 487715
3 1 635504
6 4 198271
2 6 17810
3 4 805774
5 3 529269
2 6 920770
7 278901 7
5 2 369373
5 2 243888
7 3 645857
3 1 317080
3 1 106269
2 1 601848
4 7 873208
5 202870 1
4 5 170837
9 690974 10
2 4 819674
2 3 789778
4 5 875141
7 4 352912
7 8 781760
7 3 674494
7 1 741855
1 4 524313
5 6 763250
9 2 494846
3 917276 9
1 3 225174
1 2 393529
1 3 17354
1 2 388376
1 2 579225
2 1 3913
1 3 268718
2 1 651406
1 2 990110
5 963296 2
1 3 853277
2 5 962741
9 7869 4
2 3 335795
5 7 891029
1 2 500985
2 5 480484
2 677648 6
2 1 588542
2 1 137619
1 2 152135
2 1 641417
2 1 16710
1 2 734891
6 319850 5
4 3 348490
2 4 499440
5 2 998934
4 6 315833
2 3 423432
4 284070 1
4 3 305300
5 158904 8
1 4 887063
3 5 469367
3 5 694553
1 5 249577
2 1 830609
2 4 736654
3 4 601647
1 4 317610
7 74385 5
7 4 606837
7 3 891617
4 1 99431
7 2 78744
7 5 335389
9 860076 6
2 7 923972
4 2 218264
1 7 945103
1 5 348846
6 1 214224
9 3 968481
8 525005 7
6 8 598609
7 4 663672
6 3 674889
2 3 542464
5 4 471940
2 5 989274
8 5 573053
3 322766 1
3 2 418387
9 98675 7
8 6 432288
2 7 817521
8 7 315002
2 1 886509
6 3 75048
4 2 935539
5 8 967844
2 95648 7
1 2 861771
2 1 374907
1 2 401027
2 1 600515
1 2 139739
2 1 306325
1 2 842400
3 677339 1
1 3 907241
5 864831 5
1 2 316166
1 3 798830
1 2 705494
4 1 894379
4 1 745412
7 285900 3
1 6 525393
1 5 324254
2 6 246393
9 854556 8
8 3 383585
9 6 958130
8 7 640950
7 8 206600
3 4 122694
4 2 949307
5 4 815851
3 6 325427
2 228474 1
1 2 487405
9 146934 9
8 7 139162
5 7 841500
6 4 16332
8 9 498158
7 2 179024
8 2 368450
9 5 434515
6 8 930150
8 7 590260
10 105048 4
5 10 392060
5 2 971159
7 10 480493
4 2 46503
3 364352 10
2 1 737433
2 3 855532
1 3 752151
1 3 525317
1 2 745003
1 3 276047
2 1 802013
3 2 3437
3 2 464268
3 1 737906
2 543564 2
2 1 911097
1 2 544447
10 571582 8
3 5 914249
1 2 505700
9 10 530584
2 4 457113
8 2 460519
4 3 209664
4 10 76767
3 4 27728
3 376114 8
2 1 817654
1 2 964760
3 2 589680
1 2 146734
2 3 97417
2 1 947133
1 3 954197
3 1 456766
5 500729 4
4 2 955703
5 2 151430
3 4 224370
3 5 555271
10 474738 6
4 2 475759
2 4 559026
10 4 285864
9 5 671618
8 3 451276
4 8 247023
6 625885 5
4 6 553497
3 1 604796
4 2 74849
1 5 579807
3 5 219471
8 781814 3
2 1 63611
8 2 550910
7 6 494226
10 241632 3
7 5 795685
10 3 238548
1 10 174091
2 453186 4
1 2 933227
1 2 373370
1 2 834847
1 2 201507
2 305393 6
2 1 83701
1 2 70547
1 2 287412
1 2 948425
1 2 993962
1 2 326209
2 410897 1
1 2 644436
6 817784 3
1 2 831628
4 1 331043
6 3 14788
10 757135 4
9 8 725794
9 5 822480
3 6 452045
10 5 108693
7 878561 6
5 1 651371
1 6 590791
5 3 761477
2 1 438803
7 4 62426
3 7 597114
9 72047 8
9 7 719858
4 5 217251
5 2 819611
8 4 163249
6 8 459907
4 1 482509
3 9 390227
9 4 870506
7 540312 2
3 7 218674
4 5 46164
6 326373 9
3 4 742266
4 1 952558
4 6 756148
3 2 40433
5 2 521796
5 4 523751
3 4 800764
2 5 944919
1 4 955735
8 325413 6
5 6 312054
7 8 514253
3 4 377517
1 3 600949
3 1 795773
6 2 825950
3 627128 8
2 3 803373
3 1 674147
3 1 949007
3 2 208892
2 1 416763
2 1 594357
2 1 848744
2 1 133855
7 640997 9
4 1 85103
5 3 676036
5 6 37738
1 3 349634
2 5 742610
6 2 136899
2 3 291185
2 3 172363
7 1 761743
7 628926 2
3 2 135059
7 5 690673
9 332401 1
6 3 453970
5 231356 10
3 2 512862
2 1 62707
1 5 41859
4 3 594411
2 3 281486
1 2 823101
4 2 699933
2 5 780678
2 3 907756
4 2 552613
10 597175 7
7 5 4058
4 2 666476
9 2 312542
2 3 328462
7 8 676567
1 3 393351
9 5 946460
9 989439 7
5 1 243508
6 5 275602
8 4 35610
8 1 688466
3 5 623341
7 1 671601
2 7 843619
6 227082 10
3 4 30155
4 1 420269
5 3 296415
1 6 464036
5 4 123000
4 3 342355
2 5 581110
1 5 1966
4 6 688330
3 1 736798
9 243767 10
2 9 638950
2 4 31017
9 7 878133
6 1 610412
8 7 936184
8 3 151982
8 4 282470
6 4 227637
4 7 234164
7 2 14600
5 924694 2
4 2 455465
3 5 257642
10 400223 5
1 4 418944
3 9 8220
6 8 731769
1 4 138245
4 8 627006
3 218573 6
3 2 954401
1 2 355757
1 2 488151
2 3 114849
3 1 729941
1 2 653867
2 340299 2
2 1 76943
1 2 302735
3 690714 8
1 2 687757
3 2 395883
1 2 997322
2 3 873344
2 1 236287
2 3 386460
1 3 828556
1 2 992707
6 821636 4
6 4 693264
2 4 132493
6 1 655943
3 6 657511
7 404189 2
3 5 342839
2 6 529671
10 806101 5
7 3 961662
10 8 913150
4 8 15603
7 9 758332
8 5 879748
2 642829 8
2 1 161696
1 2 274018
1 2 256353
1 2 311751
2 1 845176
1 2 377413
1 2 242545
1 2 633183
5 655606 5
1 4 153657
1 3 22308
5 1 463053
4 5 475928
2 1 760536
2 520314 5
1 2 585205
2 1 767959
1 2 482773
1 2 471546
1 2 35161
9 571035 7
3 4 745657
5 4 997612
8 1 548893
3 2 45002
1 2 179403
1 2 102896
4 7 479805
7 892893 5
6 3 715812
3 6 659293
1 4 706036
3 2 819497
1 2 603715
9 174974 9
3 1 223505
1 2 533648
1 6 187873
7 1 908885
8 7 91790
9 3 420615
9 1 195121
1 2 649042
8 5 406708
10 731123 6
7 2 236573
9 3 384122
3 5 886839
9 5 740870
9 1 917213
10 3 562639
7 4608 9
4 1 420717
7 5 233602
7 2 416613
5 7 288181
4 3 2267
1 7 746678
5 3 344043
6 1 327492
6 3 75511
3 120472 10
2 1 869445
2 1 923927
2 1 902637
1 3 895033
3 1 185256
2 3 746504
1 2 771565
1 2 384759
1 2 85702
2 1 989758
9 460321 2
4 9 254999
4 2 299819
7 490258 5
2 1 333945
6 4 556490
3 7 395707
4 6 810591
3 4 680964
2 117822 5
1 2 868927
1 2 160346
1 2 705416
1 2 754831
2 1 888497
5 26815 2
1 4 464487
2 1 505322
2 4928 7
1 2 516363
2 1 769909
2 1 909605
2 1 612975
2 1 178513
1 2 795283
1 2 329227
7 988106 9
1 3 435389
6 2 941274
4 3 633281
5 6 569438
4 2 904074
4 1 367265
5 6 224144
5 2 367826
1 4 82579
10 645807 3
5 1 485030
1 3 773955
9 6 106718
8 428768 3
2 8 169393
2 7 886085
1 7 897785
9 197516 7
9 5 779156
3 9 493395
5 7 864121
3 7 204662
6 1 704593
2 7 360956
9 8 791811
3 634582 8
3 2 645673
3 2 360362
3 1 676835
2 1 659985
1 2 227944
1 3 853839
3 2 711091
1 2 680328
6 634094 1
3 6 24599
8 501898 5
7 6 699863
6 3 965394
6 8 705714
1 5 704428
8 1 348220
4 543321 4
1 2 383260
1 3 895936
3 1 337243
2 3 880878
8 529148 2
5 4 529585
6 2 753825
7 50987 4
3 5 83964
4 5 523782
5 3 422271
3 7 79802
3 881732 2
3 2 125421
2 1 990782
4 881091 8
1 4 630888
3 2 620674
1 4 365979
2 1 194
2 4 705410
4 1 881922
3 2 755426
2 3 245396
2 728654 4
2 1 903344
1 2 89639
2 1 588424
2 1 12500
9 58850 8
9 3 750688
6 7 410281
2 8 839853
7 9 435154
6 8 96386
5 3 656220
1 8 247625
4 6 319666
8 562092 2
2 6 726836
2 1 286410
5 73391 7
2 5 61607
1 5 559936
1 4 918556
3 4 753378
2 5 578474
3 1 467424
2 4 626637
6 130180 2
3 2 753716
6 1 975631
3 829654 2
3 2 294542
3 1 847041
7 126333 7
5 1 754900
4 5 304375
5 6 769515
3 6 179113
1 5 333684
1 3 229442
1 7 100489
5 513327 5
5 1 371403
3 5 159052
4 5 420030
1 5 863139
4 2 610776
10 399459 1
4 9 844064
7 425069 6
5 4 620234
2 1 930203
5 1 840848
1 6 184
4 6 912925
5 6 566396
6 129645 6
4 5 284107
6 2 990303
1 6 232296
6 2 315170
5 2 822790
4 6 984618
4 594263 7
3 2 128303
1 3 820587
4 2 169800
4 2 107260
4 3 380730
3 2 40635
3 4 104356
9 726139 3
7 2 304857
2 4 319317
9 3 724401
7 76828 4
6 1 644849
6 7 316301
7 6 816715
7 1 808211
3 635475 5
3 1 602547
3 1 323884
3 1 774493
2 1 806604
3 1 307740
2 147704 9
1 2 89168
1 2 26915
2 1 523339
1 2 879709
1 2 384476
2 1 125461
1 2 885038
2 1 454258
2 1 506101
9 652028 3
6 5 991977
5 6 573422
8 6 697023
5 747073 10
4 2 762897
2 5 742954
3 2 557280
1 4 371811
4 5 714798
2 4 349729
4 1 615071
3 5 71071
5 1 6537
5 3 190370
10 555345 10
1 2 618246
6 4 797252
4 2 662731
4 7 821445
5 3 123390
2 5 912700
9 3 68976
7 4 791061
4 2 829345
4 6 617173
3 68273 1
1 3 214899
3 698575 3
3 2 467351
1 3 273983
1 2 16042
10 357063 9
7 10 104582
3 9 382256
1 5 814173
3 1 78967
5 7 853983
1 8 374056
3 2 621177
7 2 352485
8 3 812079
7 881809 8
4 7 365521
3 5 348536
5 6 200741
2 4 415100
7 5 976474
6 4 277968
7 5 807497
4 5 272386
5 91222 1
5 2 505471
2 114933 2
1 2 98686
1 2 567085
10 912509 1
6 1 232276
3 819327 10
2 3 491550
3 1 89390
3 2 538931
1 3 107055
3 2 376425
2 3 650751
3 2 195041
2 3 648786
3 2 848134
3 2 872441
6 801156 9
5 6 475255
6 2 355902
3 5 436549
4 1 482389
4 2 188661
3 4 497235
3 2 112426
2 6 983551
6 5 2508
2 27271 2
2 1 780856
2 1 412113
6 226627 1
2 3 876318
4 254827 6
2 4 565590
2 1 579109
3 4 113139
1 4 418234
3 1 729438
4 1 66797
9 421680 2
6 7 691407
5 7 563079
8 204128 3
8 2 896514
8 7 459042
8 7 924916
2 389433 10
1 2 472580
1 2 705972
1 2 486282
2 1 207897
2 1 644445
2 1 537185
1 2 874017
1 2 32570
2 1 702762
1 2 656213
5 599040 9
4 2 346943
4 5 195443
5 3 68197
3 1 111621
1 2 226396
5 4 613209
3 4 927349
2 3 724731
4 1 21847
10 722790 8
2 1 845996
1 4 176178
10 2 980502
3 4 809368
6 8 43484
5 7 419903
9 2 927066
9 8 653208
4 829890 2
2 4 654064
4 3 38765
6 86679 2
5 2 105234
2 5 996486
10 623308 8
5 1 406334
5 1 284149
9 3 314191
9 6 563374
10 4 767443
4 7 927955
6 10 732308
10 5 559809
9 446080 10
6 4 279398
4 6 880243
5 2 242989
5 8 521226
6 2 193968
8 5 413219
8 2 33747
6 5 564074
8 6 687123
2 9 891910
3 198762 1
1 3 481568
8 671719 1
1 2 960695
7 172235 4
1 5 365671
4 5 156978
3 2 716813
5 6 542392
5 382230 7
4 5 640093
4 3 624899
1 4 911069
4 2 72718
5 4 877122
5 4 540707
4 3 646160
6 843909 2
1 4 863355
5 3 308093
4 300141 5
1 4 679195
1 2 632745
3 1 597530
2 1 397024
4 2 972739
8 164030 3
3 4 329703
1 2 359869
4 1 849945
8 721675 6
3 8 170093
4 5 770878
2 7 741207
7 4 950613
1 6 497093
2 8 571806
3 486583 7
1 2 632138
1 2 313516
2 1 477704
1 3 252412
2 1 744229
3 1 29673
3 2 815412
3 539841 5
1 3 590806
3 2 203993
2 3 860106
3 2 108078
2 1 815945
3 260207 9
2 1 943231
3 1 783754
1 3 691558
3 1 526044
3 1 530170
2 3 454104
1 2 269738
1 3 252570
1 2 803610
2 559306 1
2 1 564647
3 156966 6
2 1 543598
2 3 415226
3 2 975741
3 1 310546
3 1 500068
1 2 787267
4 749502 4
4 1 129551
4 3 645084
3 2 751798
1 4 67449
2 561862 8
1 2 808430
1 2 577140
1 2 256513
2 1 309674
1 2 882824
1 2 922924
2 1 101101
2 1 929329
3 526584 2
3 1 790761
2 1 911370
7 568979 10
4 7 922648
5 7 136628
5 6 933728
2 7 17320
7 5 411478
3 7 838880
4 3 361980
1 4 625737
6 5 72009
5 6 431217
4 914495 3
3 4 232273
4 3 508697
2 3 751099
10 199740 6
4 7 626248
6 5 490246
7 9 349684
8 5 490018
4 6 716705
10 7 339297
2 310642 4
1 2 299919
1 2 62377
1 2 305668
2 1 560705
4 24309 7
2 3 731428
4 3 396366
2 3 993350
1 2 335325
3 2 990343
4 2 475298
1 3 801130
10 301437 7
3 9 863356
5 2 659737
7 6 921865
7 5 748362
1 10 641655
3 2 571321
1 2 151289
5 963594 10
5 1 185296
4 5 62575
5 2 467762
1 3 664904
2 5 354893
2 3 351799
2 3 374406
1 5 594864
4 2 946696
5 3 949078
4 27041 4
2 4 174475
1 2 34582
3 1 159226
1 4 910507
9 489591 2
6 4 124955
3 6 586378
4 93184 5
3 4 329819
4 3 173396
1 4 386057
4 3 101359
1 2 551754
4 95268 9
1 4 277035
2 3 756576
2 1 188650
3 2 965223
4 3 780668
4 3 534386
2 3 861125
1 3 439553
4 1 909679
5 243905 3
2 1 883797
5 4 170482
5 3 905949
4 909815 8
3 4 819085
1 4 252726
1 4 488408
1 2 414188
4 1 445279
3 1 772439
4 3 890580
3 2 223900
10 492082 3
10 2 924604
5 7 5431
10 2 716281
4 278997 7
2 1 259935
3 1 950424
1 2 859744
4 2 533135
1 3 773121
2 4 802365
3 4 831530
7 272796 7
6 4 479832
2 5 400491
4 2 168673
6 7 73684
7 3 719078
3 4 713608
4 6 528554
9 629167 3
3 7 844405
5 2 29637
9 6 638189
4 18979 1
2 1 297927
8 643034 3
4 1 804785
4 2 235595
6 2 466928
7 951496 5
4 3 257138
3 1 199080
6 7 175368
5 1 917862
1 3 54258
7 790934 7
2 5 566982
6 4 13945
1 3 90271
5 2 43113
3 6 573753
7 2 461486
5 3 493489
9 137749 1
4 5 218872
4 93220 8
1 3 44191
1 2 907813
4 3 594218
3 1 729919
1 4 590146
3 4 75367
2 4 15262
3 2 624435
7 917067 9
3 1 974878
4 1 480208
3 2 14743
1 2 527441
7 2 288330
4 6 773623
4 2 547924
1 4 182756
5 7 409184
5 402654 9
3 5 399477
4 5 809752
2 1 379156
4 3 141905
3 1 805931
1 3 228125
1 4 385851
1 4 116823
1 2 728112
5 58978 10
4 2 657386
4 2 216643
1 4 437987
2 1 560572
1 4 445037
2 5 761019
2 1 439169
1 5 549271
2 1 774596
5 4 849922
3 229894 10
1 2 614288
2 1 906303
2 3 684073
2 1 544602
1 3 924481
1 2 414977
1 2 319745
1 2 67671
1 2 625663
3 1 960275
10 84647 4
2 7 425025
1 9 998121
8 6 723690
1 8 554513
8 350350 5
6 2 456072
3 7 173544
6 4 416296
1 8 707754
8 1 131672
3 239519 4
2 3 474882
1 2 336651
2 3 713710
1 3 679255
5 571630 6
2 4 635905
4 2 914063
1 5 303424
1 2 112441
1 2 380880
1 2 634242
9 880918 9
5 8 323378
6 1 964884
5 7 679135
3 7 574422
9 4 310730
7 8 807312
8 5 239832
8 4 665759
7 6 652748
5 500975 5
5 1 85913
2 3 8356
5 3 465716
1 4 860827
1 2 313189
6 791950 9
1 4 203937
2 5 373094
5 3 711251
1 2 355384
5 6 760611
4 5 970611
6 4 951862
5 1 60634
5 6 545576
4 941612 3
2 1 240705
4 3 75867
1 3 974238
10 534618 1
7 9 913349
9 900452 8
9 2 356389
2 7 606999
2 6 41314
2 3 719900
4 9 611532
9 7 293965
4 8 549057
8 5 818463
6 392843 4
6 5 210416
4 5 214696
2 4 349629
3 6 660927
9 915271 2
1 9 358749
6 8 322324
2 747405 2
1 2 605194
2 1 581779
2 520325 6
1 2 326081
2 1 449937
1 2 222643
2 1 959020
2 1 930745
1 2 371519
8 952248 7
5 6 226018
4 5 218285
1 6 484503
6 3 121153
8 1 166514
5 6 809750
7 6 783689
7 791733 8
4 1 426177
7 5 988776
1 3 584091
7 6 888167
6 7 944860
2 1 377865
7 5 563784
2 4 341916
4 936776 5
2 3 281967
3 4 588284
3 4 499644
2 4 410020
2 1 508501
3 987654 10
1 2 3
1 2 4
1 2 5
1 2 6
1 2 7
2 1 3
2 1 4
2 1 5
2 1 6
2 3 1000000
