17
5
1 2
2 1
4 1
5 2
6 1
3
100 10
300 10
200 110
4
100 10
300 10
200 110
200 60
5
90 110
100 100
110 110
150 101
140 111
5
-90 110
-100 100
-110 110
-140 101
-130 111
5
90 -110
100 -100
110 -110
130 -101
120 -111
5
-90 110
-100 100
110 -110
120 -101
110 111
5
90 110
100 10000
10000 110
130 100
120 111
5
90 110
100 100
110 110
120 100
110 111
9
90 110
100 100
110 110
130 100
150 100
140 111
120 90
140 90
131 80
101
-1000 10
-980 10
-960 10
-940 10
-920 10
-900 10
-880 10
-860 10
-840 10
-820 10
-800 10
-780 10
-760 10
-740 10
-720 10
-700 10
-680 10
-660 10
-640 10
-620 10
-600 10
-580 10
-560 10
-540 10
-520 10
-500 10
-480 10
-460 10
-440 10
-420 10
-400 10
-380 10
-360 10
-340 10
-320 10
-300 10
-280 10
-260 10
-240 10
-220 10
-200 10
-180 10
-160 10
-140 10
-120 10
-100 10
-80 10
-60 10
-40 10
-20 10
0 10
1000 10
980 10
960 10
940 10
920 10
900 10
880 10
860 10
840 10
820 10
800 10
780 10
760 10
740 10
720 10
700 10
680 10
660 10
640 10
620 10
600 10
580 10
560 10
540 10
520 10
500 10
480 10
460 10
440 10
420 10
400 10
380 10
360 10
340 10
320 10
300 10
280 10
260 10
240 10
220 10
200 10
180 10
160 10
140 10
120 10
100 10
80 10
60 10
40 10
20 10
102
40 20
-1000 10
-980 -10
-960 -10
-940 -10
-920 -10
-900 -10
-880 -10
-860 -10
-840 -10
-820 -10
-800 -10
-780 -10
-760 -10
-740 -10
-720 -10
-700 -10
-680 -10
-660 -10
-640 -10
-620 -10
-600 -10
-580 -10
-560 -10
-540 -10
-520 -10
-500 -10
-480 -10
-460 -10
-440 -10
-420 -10
-400 -10
-380 -10
-360 -10
-340 -10
-320 -10
-300 -10
-280 -10
-260 -10
-240 -10
-220 -1000
-200 -10
-180 -10
-160 -10
-140 -10
-120 -10
-100 -10
-80 -10
-60 -10
-40 -10
-20 -10
0 10
1000 10
980 10
960 10
940 10
920 10
900 10
880 10
860 10
840 10
820 10
800 10
780 10
760 10
740 10
720 10
700 10
680 10
660 10
640 10
620 10
600 10
580 10
560 10
540 10
520 10
500 10
480 10
460 10
440 10
420 10
400 10
380 10
360 10
340 10
320 10
300 10
280 10
260 10
240 10
220 10
200 10
180 10
160 10
140 100
120 10
100 10
80 10
60 10
40 10
20 10
102
50 20
-1000 10
-980 10
-960 10
-940 10
-920 10
-900 10
-880 10
-860 10
-840 10
-820 10
-800 10
-780 10
-760 10
-740 10
-720 10
-700 10
-680 10
-660 10
-640 10
-620 10
-600 10
-580 10
-560 10
-540 10
-520 10
-500 10
-480 10
-460 10
-440 10
-420 10
-400 10
-380 10
-360 10
-340 10
-320 10
-300 10
-280 10
-260 10
-240 10
-220 10
-200 10
-180 10
-160 10
-140 10
-120 10
-100 10
-80 10
-60 10
-40 10
-20 10
0 10
1000 10
980 -10
960 -10
940 -10
920 -10
900 -10
880 -10
860 -10
840 -10
820 -10
800 -10
780 -10
760 -10
740 -10
720 -10
700 -10
680 -10
660 -10
640 -10
620 -10
600 -10
580 -10
560 -10
540 -10
520 -10
500 -10
480 -10
460 -10
440 -10
420 -10
400 -10
380 -10
360 -10
340 -10
320 -10
300 -10
280 -10
260 -10
240 -10
220 -10
200 -10
180 -10
160 -10
140 -10
120 -10
100 -10
80 10
60 10
40 10
20 10
102
50 5
-1000 10
-980 10
-960 10
-940 10
-920 10
-900 10
-880 10
-860 10
-840 10
-820 10
-800 10
-780 10
-760 10
-740 10
-720 10
-700 10
-680 10
-660 10
-640 10
-620 10
-600 10
-580 10
-560 10
-540 10
-520 10
-500 10
-480 10
-460 10
-440 10
-420 10
-400 10
-380 10
-360 10
-340 10
-320 10
-300 10
-280 10
-260 10
-240 10
-220 10
-200 10
-180 10
-160 10
-140 10
-120 10
-100 10
-80 10
-60 10
-40 10
-20 10
10000 10000
1000 10
980 10
960 10
940 10
920 10
900 10
880 10
860 10
840 10
820 10
800 10
780 10
760 10
740 10
720 10
700 10
680 10
660 10
640 10
620 10
600 10
580 10
560 10
540 10
520 10
500 10
480 10
460 10
440 10
420 10
400 10
380 10
360 10
340 10
320 10
300 10
280 10
260 10
240 10
220 10
200 10
180 10
160 10
140 10
120 10
100 10
80 -10
60 -10
40 -10
20 -10
102
-20 5
-1000 10
-980 10
-960 10
-940 10
-920 10
-900 10
-880 10
-860 10
-840 10
-820 10
-800 10
-780 10
-760 10
-740 10
-720 10
-700 10
-680 10
-660 10
-640 10
-620 10
-600 10
-580 10
-560 10
-540 10
-520 10
-500 10
-480 10
-460 10
-440 10
-420 10
-400 10
-380 10
-360 10
-340 10
-320 10
-300 10
-280 10
-260 10
-240 10
-220 10
-200 10
-180 10
-160 10
-140 10
-120 10
-100 10
-80 10
-60 10
-40 10
-20 10
0 10
1000 100
980 100
960 100
940 100
920 100
900 100
880 100
860 100
840 100
820 100
800 100
780 100
760 100
740 100
720 100
700 100
680 100
660 100
640 100
620 100
600 100
580 100
560 100
540 100
520 100
500 100
480 100
460 100
440 100
420 10
400 10
380 10
360 10
340 10
320 10
300 10
280 10
260 10
240 10
220 10
200 10
180 10
160 10
140 10
120 10
100 10
80 10
60 10
40 10
20 10
200
995 125
773 107
206 149
-343 897
-418 686
-599 103
72 411
733 275
-990 237
918 319
977 871
-333 470
-977 137
-86 963
828 568
128 541
-813 606
-574 526
-401 -849
358 568
879 610
-615 903
279 971
-555 917
-851 656
-424 383
-881 749
934 587
632 478
-426 184
-137 963
965 700
632 717
-186 825
-279 597
-333 115
-298 186
-455 238
482 997
-918 296
-366 721
683 981
-81 824
-659 272
589 97
-132 829
343 270
-271 145
-204 775
896 699
470 733
759 800
212 265
188 878
-403 873
-97 676
412 305
414 351
-111 690
206 129
865 298
-913 990
-746 666
991 231
-115 158
-31 283
288 441
-610 596
597 429
-583 29
-67 582
240 919
-326 777
-210 431
694 112
920 970
70 298
-129 672
333 872
725 577
-250 444
591 348
-949 371
-565 962
-784 603
-668 599
590 540
330 288
120 133
-211 182
821 539
766 958
-974 61
-847 543
-342 724
-390 430
535 879
-995 580
-498 604
215 169
736 501
375 565
-309 333
-108 265
-456 234
-175 62
16 791
803 205
-928 919
580 892
-982 347
-22 136
-9 394
186 162
540 776
343 573
657 334
-625 210
792 151
-939 416
712 262
13 780
-318 255
-507 692
-69 275
492 789
443 615
826 605
-520 768
161 681
57 375
103 55
-308 388
157 465
-433 403
36 314
-309 256
972 275
484 493
-266 452
284 544
-833 694
-946 441
-842 243
700 896
-969 287
103 527
-269 865
-968 846
-889 52
-960 350
583 405
435 604
-777 460
186 271
-119 666
932 649
64 423
-508 900
745 762
167 16
45 744
602 814
97 154
447 402
883 1
707 940
91 839
748 206
-515 534
695 92
-394 256
-155 364
842 582
-640 702
-714 926
-891 102
470 48
-353 81
538 515
-539 883
-991 540
74 133
-748 945
981 850
776 508
-948 979
-968 12
-665 343
704 913
-503 311
-769 80
845 781
785 680
284 894
426 328
-998 327
-725 418
-637 827
473 940
4
-10000 -10000
10000 10000
-10000 10000
10000 -10000
