32
0 0
1 0 0 0
0 0 0 0
0 0 0 0
0 0 0 0
2 3
0 0 0 0
0 0 0 0
0 0 0 0
0 0 0 0
0 0
1 1 2 2
3 3 4 4
5 5 6 6
7 7 8 8
2 15
-2 -1 -2 -4
3 1 -3 1
1 0 0 4
-1 2 4 -3
100 100
100 100 100 100
100 100 100 100
100 100 100 100
100 100 100 100
100 100
100 100 100 99
100 100 100 100
100 100 100 100
100 100 100 100
0 0
-100 -100 -100 -100
-100 -100 -100 -100
-100 -100 -100 -100
-100 -100 -100 -100
0 0
-100 -100 -100 -99
-100 -100 -100 -100
-100 -100 -100 -100
-100 -100 -100 -100
0 100
100 0 0 10
0 100 0 10
0 0 100 -100
0 0 -100 100
100 0
100 0 0 10
0 100 0 10
0 0 100 -100
0 0 -100 100
0 100
10 0 0 100
10 0 100 0
-100 100 0 0
100 -100 0 0
100 0
10 0 0 100
10 0 100 0
-100 100 0 0
100 -100 0 0
0 50
100 100 100 100
-50 -50 -50 -50
0 0 -50 -50
-10 -10 -10 -50
0 50
-50 -50 -50 -50
100 100 100 100
-20 -10 -50 -50
-10 -10 -10 -50
0 50
-10 -10 -10 -50
-20 -10 -50 -50
100 100 100 100
-50 -50 -50 -50
0 50
-10 -10 -10 -50
0 0 -50 -50
-50 -50 -50 -50
100 100 100 100
50 0
100 100 100 100
-50 -50 -50 -50
0 0 -50 -50
-10 -10 0 -50
50 0
-50 -50 -50 -50
100 100 100 100
-20 -10 -50 -50
-10 -10 -10 -50
50 0
-10 -10 -10 -50
-20 -10 -50 -50
100 100 100 100
-50 -50 -50 -50
50 0
-10 -10 0 -50
0 0 -50 -50
-50 -50 -50 -50
100 100 100 100
0 50
100 -50 -50 -50
100 -50 -50 -10
100 -50 0 -10
100 -50 0 -10
0 50
-50 100 -50 -50
-50 100 -50 -10
-50 100 -10 -10
-50 100 -20 -10
0 50
-50 -50 100 -50
-10 -50 100 -50
-10 -10 100 -50
-10 -20 100 -50
0 50
-50 -50 -50 100
-10 -50 -50 100
-10 0 -50 100
-10 0 -50 100
50 0
100 -50 -50 -50
100 -50 -50 0
100 -50 0 -10
100 -50 0 -10
50 0
-50 100 -50 -50
-50 100 -50 -10
-50 100 -10 -10
-50 100 -20 -10
50 0
-50 -50 100 -50
-10 -50 100 -50
-10 -10 100 -50
-10 -20 100 -50
50 0
-50 -50 -50 100
0 -50 -50 100
-10 0 -50 100
-10 0 -50 100
0 0
0 0 0 0
0 0 0 0
0 0 0 0
0 0 0 0
55 74
2 6 9 3
0 4 6 9
8 5 0 0
6 7 9 3
54 74
2 6 9 3
0 4 6 9
8 5 0 0
6 7 9 3
55 75
2 6 9 3
0 4 6 9
8 5 0 0
6 7 9 3
